1 246
2 98
3 246
4 125
5 499
6 499
7 125
8 499
9 125
10 138
11 11
12 499
13 246
14 246
15 98
16 246
17 491
18 499
19 246
20 246
21 246
22 125
23 246
24 246
25 246
26 246
27 246
28 246
29 246
30 232
31 246
32 246
33 499
34 499
35 125
36 125
37 246
38 246
39 499
40 246
41 246
42 125
43 246
44 98
45 45
46 125
47 499
48 499
49 499
50 211
51 246
52 499
53 125
54 125
55 246
56 246
57 246
58 499
59 246
60 499
61 246
62 98
63 98
64 499
65 138
66 246
67 499
68 453
69 98
70 170
71 98
72 223
73 246
74 246
75 98
76 246
77 98
78 98
79 98
80 125
81 205
82 499
83 412
84 444
85 336
86 499
87 98
88 98
89 499
90 499
91 499
92 246
93 98
94 94
95 187
96 499
97 125
98 98
99 246
100 301
101 499
102 246
103 499
104 221
105 125
106 499
107 153
108 412
109 434
110 110
111 125
112 221
113 499
114 246
115 246
116 246
117 499
118 221
119 401
120 499
121 170
122 246
123 123
124 339
125 125
126 246
127 499
128 221
129 499
130 130
131 131
132 187
133 246
134 134
135 499
136 499
137 137
138 138
139 499
140 246
141 246
142 499
143 401
144 499
145 499
146 246
147 134
148 499
149 149
150 499
151 246
152 170
153 153
154 246
155 246
156 492
157 157
158 499
159 499
160 160
161 246
162 157
163 221
164 246
165 499
166 499
167 246
168 221
169 499
170 170
171 492
172 499
173 499
174 499
175 246
176 246
177 453
178 499
179 499
180 499
181 221
182 499
183 246
184 499
185 499
186 246
187 187
188 188
189 301
190 246
191 325
192 246
193 193
194 246
195 499
196 246
197 499
198 492
199 492
200 446
201 246
202 499
203 492
204 499
205 205
206 499
207 499
208 499
209 499
210 193
211 211
212 212
213 492
214 499
215 499
216 499
217 492
218 246
219 499
220 499
221 221
222 492
223 223
224 224
225 401
226 246
227 492
228 228
229 246
230 246
231 453
232 232
233 268
234 234
235 499
236 499
237 446
238 499
239 499
240 492
241 499
242 446
243 499
244 349
245 246
246 246
247 339
248 248
249 492
250 211
251 499
252 492
253 253
254 248
255 499
256 253
257 234
258 258
259 157
260 499
261 499
262 499
263 246
264 234
265 160
266 232
267 453
268 268
269 246
270 499
271 499
272 320
273 273
274 273
275 349
276 499
277 273
278 246
279 499
280 131
281 212
282 492
283 499
284 492
285 430
286 422
287 287
288 499
289 499
290 349
291 453
292 499
293 499
294 499
295 349
296 446
297 499
298 492
299 306
300 246
301 301
302 499
303 499
304 499
305 499
306 306
307 94
308 499
309 349
310 130
311 311
312 492
313 499
314 491
315 258
316 246
317 212
318 45
319 492
320 320
321 499
322 401
323 492
324 492
325 325
326 212
327 453
328 434
329 329
330 499
331 258
332 499
333 258
334 499
335 258
336 336
337 149
338 188
339 339
340 499
341 492
342 336
343 499
344 492
345 287
346 422
347 499
348 499
349 349
350 499
351 499
352 453
353 499
354 492
355 492
356 499
357 499
358 492
359 246
360 453
361 361
362 362
363 499
364 336
365 349
366 499
367 362
368 499
369 110
370 499
371 453
372 339
373 422
374 382
375 499
376 376
377 422
378 499
379 430
380 311
381 499
382 382
383 336
384 499
385 430
386 386
387 499
388 361
389 499
390 499
391 223
392 499
393 499
394 492
395 453
396 499
397 422
398 499
399 453
400 492
401 401
402 325
403 499
404 492
405 224
406 499
407 499
408 492
409 246
410 499
411 422
412 412
413 492
414 453
415 492
416 187
417 499
418 418
419 499
420 228
421 492
422 422
423 418
424 492
425 422
426 453
427 246
428 412
429 401
430 430
431 499
432 492
433 499
434 434
435 138
436 492
437 492
438 187
439 499
440 453
441 441
442 454
443 246
444 444
445 499
446 446
447 492
448 448
449 329
450 492
451 499
452 441
453 453
454 454
455 492
456 499
457 499
458 246
459 499
460 448
461 454
462 453
463 386
464 499
465 492
466 499
467 499
468 246
469 499
470 246
471 499
472 499
473 499
474 474
475 499
476 246
477 376
478 492
479 170
480 492
481 474
482 11
483 246
484 492
485 123
486 221
487 499
488 153
489 499
490 98
491 491
492 492
493 137
494 11
495 492
496 125
497 499
498 499
499 499
500 246